329.451
330.026
329.425
327.832
325.701
323.627
322.191
321.803
322.592
324.372
326.691
328.953
330.578
331.155
330.555
328.964
326.834
324.762
323.327
322.941
323.732
325.514
327.835
330.099
331.725
332.303
331.705
330.116
327.988
325.917
324.484
324.1
324.892
326.676
328.999
331.264
332.892
333.472
332.875
331.288
329.162
327.093
325.662
325.279
326.073
327.858
330.183
332.45
334.079
334.661
334.066
332.48
330.356
328.289
326.859
326.478
327.274
329.061
331.387
333.656
335.287
335.871
335.277
333.693
331.57
329.505
328.077
327.698
328.495
330.284
332.611
334.882
336.515
337.1
336.509
334.926
332.805
330.741
329.315
328.937
329.737
331.527
333.856
336.129
337.763
338.35
337.76
336.18
334.06
331.998
330.574
330.197
330.998
332.79
335.121
337.396
339.032
339.62
339.032
337.453
335.335
333.275
331.852
331.478
332.281
334.074
336.407
338.683
340.321
340.911
340.324
338.747
336.631
334.572
333.151
332.778
333.583
335.378
337.712
339.99
341.63
342.221
341.637
340.061
337.947
335.889
334.47
334.099
334.905
336.702
339.038
341.318
342.959
343.552
342.969
341.395
339.283
337.227
335.81
335.44
336.248
338.047
340.385
342.665
344.308
344.904
344.322
342.75
340.639
338.585
337.169
336.802
337.611
339.412
341.751
344.034
345.678
346.275
345.695
344.125
342.016
339.963
338.549
338.183
338.995
340.797
343.138
345.422
347.068
347.667
347.089
345.52
343.412
341.362
339.95
339.585
340.398
342.202
344.545
346.831
348.479
349.079
348.503
346.936
344.83
342.781
341.37
341.008
341.822
343.628
345.972
348.26
349.909
350.511
349.937
348.371
346.267
344.22
342.811
342.45
343.266
345.073
347.42
349.709
351.36
351.964
351.391
349.827
347.725
345.679
344.272
343.913
344.731
346.539
348.887
351.178
352.832
353.437
352.866
351.304
349.203
347.159
345.753
345.396
346.215
348.026
350.376
352.668
354.323
354.93
354.36
352.8
350.701
348.659
347.255
346.899
347.72
349.533
351.884
354.178
355.835
356.444
355.876
354.317
352.219
350.179
348.777
348.423
349.246
351.059
353.413
355.709
357.367
357.977
357.411
355.854
353.758
351.719
350.319
349.967
350.791
352.607
354.961
357.259
358.919
359.531
358.967
357.411
355.317
353.28
351.881
351.531
352.357
354.174
356.531
358.83
360.492
361.105
360.542
358.989
356.896
354.861
353.464
353.115
353.943
355.762
358.12
360.421
362.084
362.7
362.139
360.587
358.496
356.462
355.067
354.72
355.549
357.37
359.73
362.032
363.697
364.315
363.755
362.205
360.116
358.084
356.69
356.345
357.176
358.998
361.36
363.664
365.331
365.95
365.392
363.843
361.756
359.726
358.334
357.99
358.823
360.647
363.01
365.316
366.984
367.605
367.049
365.502
363.416
361.388
359.997
359.655
360.49
362.316
364.68
366.988
368.658
369.281
368.726
367.181
365.097
363.07
361.681
361.341
362.177
364.005
366.371
368.681
370.352
370.976
370.424
368.88
366.798
364.773
363.386
363.047
363.885
365.714
368.082
370.393
372.067
372.693
372.141
370.6
368.519
366.496
365.11
364.773
365.613
367.444
369.814
372.126
373.802
374.429
373.879
372.339
370.26
368.239
366.855
366.52
367.361
369.194
371.565
373.88
375.557
376.186
375.638
374.099
372.022
370.002
368.62
368.286
369.13
370.964
373.337
375.653
377.332
377.963
377.416
375.88
373.804
371.786
370.406
370.073
370.918
372.754
375.129
377.447
379.127
379.76
379.215
377.68
375.606
373.59
372.211
371.881
372.727
374.565
376.941
379.261
380.943
381.577
381.034
379.501
377.429
375.414
374.037
373.708
374.557
376.396
378.774
381.096
382.779
383.415
382.874
381.342
379.272
377.258
375.883
375.556
376.406
378.247
380.627
382.95
384.635
385.273
384.734
383.204
381.135
379.123
377.75
377.424
378.276
380.119
382.5
384.825
386.512
387.151
386.614
385.085
383.018
381.008
379.636
379.313
380.166
382.01
384.394
