325.564
325.656
325.749
325.842
325.936
326.029
326.123
326.216
326.31
326.404
326.498
326.592
326.687
326.781
326.876
326.971
327.066
327.161
327.256
327.351
327.447
327.542
327.638
327.734
327.83
327.926
328.023
328.119
328.216
328.312
328.409
328.506
328.604
328.701
328.798
328.896
328.994
329.092
329.19
329.288
329.386
329.484
329.583
329.682
329.781
329.88
329.979
330.078
330.177
330.277
330.377
330.477
330.576
330.677
330.777
330.877
330.978
331.078
331.179
331.28
331.381
331.483
331.584
331.686
331.787
331.889
331.991
332.093
332.195
332.298
332.4
332.503
332.606
332.708
332.812
332.915
333.018
333.122
333.225
333.329
333.433
333.537
333.641
333.745
333.85
333.955
334.059
334.164
334.269
334.374
334.48
334.585
334.691
334.796
334.902
335.008
335.114
335.221
335.327
335.434
335.54
335.647
335.754
335.861
335.969
336.076
336.184
336.291
336.399
336.507
336.615
336.724
336.832
336.941
337.049
337.158
337.267
337.376
337.485
337.595
337.704
337.814
337.924
338.034
338.144
338.254
338.364
338.475
338.585
338.696
338.807
338.918
339.029
339.141
339.252
339.364
339.476
339.588
339.7
339.812
339.924
340.037
340.149
340.262
340.375
340.488
340.601
340.714
340.828
340.941
341.055
341.169
341.283
341.397
341.511
341.626
341.74
341.855
341.97
342.085
342.2
342.315
342.431
342.546
342.662
342.778
342.894
343.01
343.126
343.243
343.359
343.476
343.593
343.71
343.827
343.944
344.061
344.179
344.296
344.414
344.532
344.65
344.768
344.887
345.005
345.124
345.243
345.362
345.481
345.6
345.719
345.839
345.958
346.078
346.198
346.318
346.438
346.559
346.679
346.8
346.92
347.041
347.162
347.283
347.405
347.526
347.648
347.769
347.891
348.013
348.135
348.258
348.38
348.503
348.625
348.748
348.871
348.994
349.118
349.241
349.365
349.488
349.612
349.736
349.86
349.984
350.109
350.233
350.358
350.483
350.608
350.733
350.858
350.984
351.109
351.235
351.36
351.486
351.612
351.739
351.865
351.992
352.118
352.245
352.372
352.499
352.626
352.753
352.881
353.009
353.136
353.264
353.392
353.52
353.649
353.777
353.906
354.035
354.163
354.292
354.422
354.551
354.68
354.81
354.94
355.07
355.2
355.33
355.46
355.59
355.721
355.852
355.982
356.113
356.245
356.376
356.507
356.639
356.77
356.902
357.034
357.166
357.299
357.431
357.564
357.696
357.829
357.962
358.095
358.228
358.362
358.495
358.629
358.763
358.897
359.031
359.165
359.299
359.434
359.568
359.703
359.838
359.973
360.108
360.244
360.379
360.515
360.65
360.786
360.922
361.058
361.195
361.331
361.468
361.605
361.741
361.878
362.016
362.153
362.29
362.428
362.566
362.704
362.842
362.98
363.118
363.256
363.395
363.534
363.672
363.811
363.951
364.09
364.229
364.369
364.508
364.648
364.788
364.928
365.069
365.209
365.349
365.49
365.631
365.772
365.913
366.054
366.196
366.337
366.479
366.62
366.762
366.904
367.047
367.189
367.332
367.474
367.617
367.76
367.903
368.046
368.189
368.333
368.476
368.62
368.764
368.908
369.052
369.197
369.341
369.486
369.63
369.775
369.92
370.065
370.211
370.356
370.502
370.647
370.793
370.939
371.085
371.232
371.378
371.525
371.671
371.818
371.965
372.112
372.26
372.407
372.555
372.702
372.85
372.998
373.146
373.294
373.443
373.591
373.74
373.889
374.038
374.187
374.336
374.485
374.635
374.784
374.934
375.084
375.234
375.384
375.535
375.685
375.836
375.987
376.138
376.289
376.44
376.591
376.743
376.894
377.046
377.198
377.35
377.502
377.654
377.807
377.959
378.112
378.265
378.418
378.571
378.724
378.878
379.031
379.185
379.339
379.493
379.647
379.801
379.956
380.11
380.265
380.42
380.575
380.73
380.885
381.041
381.196
381.352
381.508
381.664
381.82
381.976
382.132
382.289
382.445
382.602
382.759
382.916
383.073
383.231
383.388
383.546
383.704
383.862
384.02
