327.55
328.573
329.886
329.769
327.208
323.238
320.342
320.39
323.072
326.3
328.165
328.515
328.676
329.7
331.015
330.899
328.341
324.373
321.478
321.528
324.211
327.441
329.307
329.659
329.822
330.848
332.164
332.051
329.493
325.527
322.634
322.686
325.371
328.602
330.47
330.824
330.988
332.016
333.334
333.222
330.666
326.702
323.811
323.864
326.551
329.784
331.653
332.009
332.175
333.204
334.524
334.413
331.86
327.897
325.007
325.062
327.751
330.985
332.857
333.214
333.382
334.413
335.734
335.625
333.073
329.112
326.224
326.281
328.971
332.207
334.08
334.439
334.609
335.641
336.964
336.858
334.307
330.348
327.462
327.52
330.212
333.45
335.324
335.685
335.856
336.89
338.215
338.11
335.561
331.603
328.719
328.779
331.472
334.712
336.589
336.951
337.124
338.16
339.486
339.383
336.836
332.879
329.997
330.058
332.753
335.995
337.873
338.237
338.412
339.449
340.777
340.675
338.13
334.176
331.295
331.358
334.055
337.298
339.178
339.543
339.72
340.759
342.089
341.989
339.445
335.492
332.613
332.678
335.376
338.621
340.503
340.87
341.048
342.089
343.421
343.322
340.78
336.829
333.951
334.018
336.718
339.965
341.848
342.217
342.397
343.439
344.773
344.676
342.136
338.186
335.31
335.379
338.08
341.329
343.214
343.584
343.766
344.81
346.145
346.05
343.511
339.564
336.689
336.759
339.463
342.713
344.599
344.972
345.155
346.201
347.537
347.444
344.907
340.961
338.088
338.16
340.866
344.117
346.005
346.379
346.564
347.612
348.95
348.858
346.323
342.379
339.508
339.582
342.288
345.542
347.432
347.807
347.994
349.043
350.383
350.293
347.76
343.817
340.948
341.023
343.732
346.987
348.878
349.256
349.444
350.495
351.836
351.748
349.216
345.275
342.408
342.485
345.195
348.452
350.345
350.724
350.914
351.967
353.31
353.223
350.693
346.754
343.888
343.967
346.679
349.937
351.832
352.213
352.404
353.459
354.804
354.719
352.19
348.253
345.389
345.469
348.183
351.443
353.339
353.722
353.915
354.971
356.318
356.235
353.708
349.772
346.91
346.992
349.707
352.969
354.867
355.251
355.446
356.504
357.852
357.771
355.246
351.311
348.451
348.534
351.251
354.515
356.415
356.801
356.997
358.057
359.407
359.327
356.804
352.871
350.012
350.097
352.816
356.081
357.983
358.371
358.569
359.63
360.982
360.904
358.382
354.451
351.594
351.681
354.401
357.668
359.571
359.961
360.16
361.223
362.577
362.5
359.98
356.051
353.195
353.284
356.006
359.275
361.18
361.571
361.772
362.837
364.192
364.117
361.599
357.672
354.818
354.908
357.632
360.902
362.809
363.201
363.405
364.471
365.828
365.755
363.238
359.312
356.46
356.552
359.278
362.549
364.458
364.852
365.057
366.125
367.484
367.412
364.897
360.973
358.123
358.216
360.944
364.217
366.127
366.523
366.73
367.8
369.16
369.09
366.577
362.655
359.806
359.901
362.63
365.905
367.817
368.215
368.423
369.494
370.856
370.788
368.277
364.356
361.509
361.606
364.336
367.613
369.527
369.926
370.136
371.209
372.573
372.507
369.997
366.078
363.232
363.331
366.063
369.342
371.257
371.658
371.87
372.945
374.31
374.245
371.737
367.82
364.976
365.076
367.81
371.091
373.007
373.41
373.624
374.7
376.067
376.004
373.497
369.582
366.74
366.842
369.578
372.86
374.778
375.183
375.398
376.476
377.844
377.783
375.278
371.364
368.524
368.628
371.365
374.649
376.569
376.975
377.192
378.272
379.642
379.583
377.079
373.167
370.328
370.434
373.173
376.458
378.38
378.788
379.007
380.088
381.46
381.402
378.901
374.99
372.153
372.26
375.001
378.288
380.212
380.621
380.841
381.925
383.298
383.242
380.742
376.834
373.998
374.107
376.849
380.138
382.064
382.475
382.697
383.781
385.157
385.102
382.604
378.697
375.863
375.974
378.718
382.008
383.935
384.348
384.572
385.658
387.035
386.983
384.486
380.581
377.749
377.861
380.607
383.899
385.828
